65,60,167
63,64,170
76,89,220
68,93,218
63,96,218
56,99,215
48,103,214
41,105,212
33,107,211
27,106,207
19,108,208
12,107,203
6,108,204
94,87,214
87,89,209
80,94,205
74,100,208
67,101,203
59,105,201
51,107,198
42,108,193
34,111,193
28,112,193
20,113,192
12,113,190
6,115,192
102,94,198
96,98,197
85,100,189
78,106,188
72,110,189
64,114,187
54,115,181
45,117,180
37,120,180
30,120,177
22,123,179
14,125,181
7,127,181
110,101,185
105,107,186
90,105,171
83,112,173
76,116,172
67,120,170
58,122,167
48,124,164
39,125,162
33,129,164
23,129,162
14,133,166
8,136,169
114,105,172
106,109,169
96,113,164
86,116,161
79,120,159
68,122,156
59,125,154
50,128,153
41,131,153
34,132,152
25,137,155
15,139,156
8,140,156
120,110,157
112,115,155
100,117,149
90,122,147
83,126,146
73,131,145
62,132,141
52,135,140
43,138,140
36,141,141
26,145,142
16,148,144
8,149,144
125,115,142
117,120,141
105,124,136
95,130,135
89,135,136
77,137,132
67,141,131
56,143,129
45,144,126
37,147,127
28,153,131
17,156,132
9,160,134
131,121,129
122,124,126
112,131,125
101,137,124
92,141,122
82,145,121
70,148,119
58,149,116
47,152,115
39,155,116
29,161,119
18,164,120
10,171,124
136,125,115
131,133,117
118,139,114
106,144,112
97,148,111
86,152,109
74,157,109
62,158,106
50,162,106
42,164,105
30,169,107
19,174,109
10,181,113
137,126,103
135,138,107
123,145,105
112,152,104
102,156,103
91,162,103
77,164,100
65,168,100
53,171,99
44,172,98
32,178,100
20,183,102
10,185,103
149,137,94
143,147,95
131,154,94
119,162,93
110,167,93
95,170,91
83,175,90
69,178,89
57,182,89
47,186,89
34,188,89
21,194,91
11,196,91
153,141,79
148,152,81
137,162,81
126,171,81
114,173,79
101,180,79
87,184,78
74,190,78
61,195,78
50,195,77
36,202,78
22,203,78
11,201,77
157,144,69
151,155,70
142,168,71
129,175,70
119,181,70
106,188,70
93,197,71
77,199,69
63,203,69
52,205,68
38,208,68
23,208,68
12,208,67
58,93,206
52,94,203
44,94,196
37,96,195
31,95,189
24,96,188
17,99,189
10,99,188
3,100,189
-1,100,188
-8,100,188
-15,100,190
-20,97,188
61,98,193
54,98,187
46,98,180
39,101,181
33,101,178
25,100,173
18,102,174
11,102,171
3,102,171
-1,102,171
-8,104,174
-16,103,174
-21,103,176
66,105,178
59,106,174
50,106,168
41,108,165
34,105,158
27,107,158
19,108,157
11,108,156
4,110,158
-1,110,157
-9,112,161
-17,113,163
-23,112,164
70,112,164
62,112,159
53,113,154
43,112,148
36,112,146
28,113,144
20,113,143
12,115,143
4,114,141
-1,117,144
-10,117,146
-18,120,150
-25,121,153
74,118,155
65,117,149
53,114,140
45,116,138
37,113,133
29,115,132
20,116,131
12,118,132
4,121,134
-1,121,134
-10,124,138
-19,124,140
-25,123,140
78,124,142
68,123,136
56,121,129
46,121,125
40,122,124
30,121,120
22,125,122
13,125,122
4,127,122
-1,128,124
-11,131,127
-20,132,129
-28,133,131
82,131,129
73,131,125
60,128,118
49,127,115
41,125,111
32,129,111
23,128,109
14,130,110
4,132,111
-2,134,113
-11,135,114
-21,139,118
-29,141,121
86,138,118
76,137,114
63,135,108
52,135,105
44,136,104
33,134,100
24,137,101
15,139,102
5,140,102
-2,140,102
-12,145,105
-23,147,108
-31,152,112
92,146,108
79,142,101
68,145,100
55,143,96
46,143,94
35,142,91
26,146,93
15,147,92
5,150,94
-2,151,94
-13,155,97
-24,156,99
-33,161,103
93,148,97
83,150,95
70,151,92
58,152,90
49,152,88
38,154,88
27,154,86
16,156,87
5,158,87
-2,159,88
-13,160,89
-25,165,92
-35,166,94
98,157,86
87,157,84
74,159,82
62,161,80
53,163,80
41,166,79
29,167,79
17,166,78
6,168,78
-2,170,79
-14,176,82
-27,174,82
-36,174,83
102,162,73
93,167,73
79,169,71
65,170,70
56,172,69
44,174,69
32,181,70
19,179,69
6,184,70
-2,182,70
-15,186,71
-28,180,70
-37,180,70
105,168,64
96,172,64
82,176,63
68,177,61
59,181,62
45,182,61
33,186,61
20,188,61
7,191,62
-2,190,61
-16,192,62
-29,186,61
-39,188,62
30,95,188
24,94,184
17,95,182
10,96,182
5,96,182
0,96,181
-7,95,180
-14,93,178
-20,93,181
-25,92,181
-32,91,181
-38,89,183
-42,86,181
31,100,174
25,99,171
18,98,166
11,100,168
6,100,167
0,99,165
-7,99,166
-14,97,164
-21,97,165
-26,95,164
-33,95,168
-40,93,169
-45,91,170
34,108,163
27,107,158
19,107,155
12,106,153
6,104,149
0,106,151
-8,105,151
-15,103,149
-22,103,150
-28,104,154
-36,102,154
-44,103,160
-50,101,162
36,114,148
30,116,148
20,111,140
12,111,139
6,109,136
0,106,132
-8,109,135
-16,108,135
-23,108,136
-29,107,137
-38,109,143
-47,109,147
-53,107,148
37,119,138
30,119,136
21,115,130
12,113,127
6,114,127
0,111,124
-8,114,127
-16,111,124
-24,112,127
-31,112,130
-40,113,133
-48,112,136
-57,114,141
39,126,127
32,125,125
22,120,118
13,120,116
7,117,113
-1,118,114
-9,119,116
-17,118,115
-26,118,117
-33,120,120
-42,120,123
-52,120,127
-60,121,130
42,133,117
33,130,113
23,126,107
14,125,106
7,125,105
-1,124,104
-9,125,105
-18,124,105
-27,124,107
-34,124,107
-44,124,111
-55,127,116
-63,126,118
44,139,106
35,137,102
25,135,99
15,135,99
8,133,96
-1,131,95
-10,132,96
-19,132,96
-29,131,98
-36,130,98
-46,131,101
-59,135,107
-67,136,110
46,147,96
37,145,93
26,142,90
16,141,89
8,139,87
-1,139,86
-11,141,88
-20,140,88
-31,140,90
-38,139,90
-49,139,92
-61,142,96
-72,144,101
48,154,89
40,155,89
28,151,85
16,147,82
9,151,83
-1,149,82
-11,149,82
-21,147,82
-33,150,85
-40,147,84
-52,149,87
-65,149,90
-74,149,92
51,164,80
42,164,79
30,162,76
18,163,76
9,161,75
-1,161,75
-12,160,75
-24,162,76
-35,161,77
-43,158,76
-55,157,77
-69,158,80
-78,156,81
53,170,68
44,171,68
31,169,66
19,173,67
10,173,66
-1,174,67
-13,174,67
-25,173,67
-37,170,67
-47,170,68
-59,167,68
-70,162,68
-80,162,69
54,174,59
46,179,60
33,181,59
20,177,58
11,182,59
-1,179,58
-14,181,59
-27,181,59
-40,181,60
-49,178,60
-62,175,60
-74,171,60
-84,168,61
3,97,182
-1,95,179
-7,93,175
-14,92,176
-19,92,177
-25,90,176
-31,88,177
-38,87,179
-44,85,181
-50,84,185
-56,81,185
-61,76,185
-65,73,184
3,98,164
-1,98,163
-8,96,162
-15,97,164
-19,95,162
-26,94,163
-33,92,163
-39,89,162
-46,87,165
-51,87,168
-59,85,174
-64,80,172
-70,78,175
4,107,154
-1,105,150
-8,104,149
-15,101,146
-20,100,146
-27,98,146
-35,98,149
-42,96,149
-50,95,154
-55,94,156
-64,92,161
-70,87,160
-76,85,163
4,112,139
-1,113,140
-8,108,134
-16,106,133
-21,105,133
-29,104,133
-36,101,132
-43,99,133
-51,98,137
-57,97,139
-67,96,145
-74,93,147
-82,92,153
4,119,133
-1,116,129
-9,111,124
-17,111,124
-22,107,121
-29,104,121
-37,103,122
-45,102,124
-53,101,127
-59,100,130
-68,99,134
-77,96,137
-84,94,141
4,124,120
-1,120,116
-9,116,113
-17,115,112
-23,111,110
-31,111,111
-39,109,111
-47,108,114
-57,108,118
-63,106,120
-73,105,124
-81,102,126
-92,103,134
5,130,109
-1,129,108
-10,124,104
-18,121,103
-24,120,102
-32,116,101
-41,114,102
-50,115,106
-59,113,107
-66,111,109
-76,110,113
-85,106,115
-95,107,120
5,139,101
-1,134,97
-11,133,96
-20,130,95
-25,125,92
-35,124,94
-44,124,95
-52,119,95
-62,119,98
-69,117,99
-81,117,103
-90,112,105
-103,115,112
5,145,91
-1,143,89
-11,141,88
-21,138,87
-27,133,85
-37,131,85
-46,129,85
-56,128,87
-66,126,89
-74,125,91
-86,125,95
-97,121,97
-109,122,102
5,151,83
-1,154,85
-12,149,83
-22,147,82
-29,142,80
-39,141,81
-49,138,81
-59,135,81
-71,135,84
-78,132,85
-92,133,90
-100,125,89
-112,125,93
6,161,75
-2,158,73
-13,160,75
-24,156,73
-31,152,72
-42,150,72
-53,148,73
-64,146,74
-77,146,77
-84,142,77
-97,140,79
-108,135,80
-117,131,82
6,171,65
-2,170,65
-14,170,65
-25,167,64
-33,163,64
-45,162,64
-58,162,66
-68,156,65
-81,155,67
-89,150,67
-102,147,68
-112,140,69
-121,136,70
6,172,56
-2,176,57
-14,174,56
-26,174,57
-36,174,57
-48,172,58
-60,169,58
-72,164,58
-85,162,59
-95,160,60
-105,151,59
-118,147,61
-127,143,62
-21,95,183
-26,94,184
-33,91,183
-39,88,181
-43,84,179
-49,81,179
-55,79,182
-62,77,188
-68,73,188
-73,71,192
-79,66,195
-83,61,195
-86,56,193
-23,100,172
-28,98,170
-34,95,168
-41,93,169
-46,91,170
-52,87,169
-59,84,171
-64,80,171
-71,76,174
-76,73,176
-83,69,180
-86,63,178
-89,58,178
-25,108,159
-30,106,158
-37,103,157
-44,100,156
-48,96,154
-56,93,155
-64,91,159
-69,86,158
-77,83,162
-82,79,163
-89,75,167
-94,68,167
-99,64,168
-26,114,145
-32,112,144
-38,106,139
-45,102,138
-51,100,139
-59,98,142
-66,95,143
-72,90,143
-80,86,145
-86,83,148
-93,78,150
-99,72,151
-103,67,152
-27,119,136
-33,116,134
-39,109,129
-46,105,128
-53,104,130
-59,99,129
-68,97,132
-76,94,135
-83,90,136
-89,86,138
-97,81,141
-103,75,142
-107,70,142
-28,125,124
-34,122,122
-41,114,118
-49,111,117
-55,108,117
-63,105,118
-71,101,120
-79,97,121
-89,96,127
-94,91,127
-101,85,128
-108,78,129
-115,74,132
-30,133,115
-36,128,112
-43,120,107
-51,116,107
-58,115,108
-66,111,108
-75,107,109
-83,103,111
-91,98,113
-98,95,115
-107,90,118
-115,84,120
-121,78,121
-31,138,103
-38,135,102
-46,127,98
-54,123,98
-61,121,98
-69,116,98
-79,114,101
-89,110,102
-99,106,105
-103,100,104
-113,95,108
-121,88,109
-126,82,109
-34,148,95
-41,143,93
-49,137,91
-58,130,89
-64,127,89
-75,126,92
-85,121,92
-93,115,92
-104,111,95
-110,107,96
-120,101,98
-128,93,99
-137,89,102
-35,155,88
-43,150,86
-52,145,85
-62,140,85
-69,136,84
-79,132,85
-91,130,88
-99,123,87
-110,119,90
-116,113,90
-128,108,93
-137,100,94
-145,94,96
-37,163,78
-45,158,76
-55,153,76
-65,147,75
-73,144,75
-85,143,77
-96,138,78
-106,131,79
-119,128,82
-125,121,81
-135,114,82
-145,105,83
-151,98,84
-39,170,67
-48,169,67
-58,161,65
-70,157,66
-77,153,65
-90,151,67
-103,147,69
-115,143,70
-126,135,71
-132,128,70
-145,121,72
-152,110,72
-158,103,72
-40,176,58
-49,174,59
-62,171,59
-73,165,58
-82,162,59
-94,157,59
-108,155,61
-121,150,63
-133,143,63
-140,136,63
-151,127,64
-159,115,63
-162,105,63
117,108,173
113,115,175
100,118,168
92,125,169
84,128,167
74,132,165
64,135,163
54,138,161
44,142,161
36,143,160
26,144,159
16,144,158
8,143,155
121,111,161
113,116,159
102,120,155
94,127,155
87,132,155
75,133,149
65,137,148
54,140,147
44,141,145
36,143,144
26,145,144
16,146,144
8,148,145
127,117,147
117,119,142
106,124,139
95,130,137
86,131,134
76,135,132
66,141,132
56,143,130
45,145,129
37,146,128
27,150,130
17,154,132
9,158,134
128,118,128
122,124,128
109,128,124
97,132,120
88,133,117
78,138,117
67,141,115
56,145,115
46,149,115
38,150,114
28,154,115
17,157,116
9,159,117
132,121,118
124,127,117
109,128,111
98,133,108
90,136,107
79,141,106
69,145,106
58,148,105
47,151,104
39,153,104
28,157,105
18,162,107
9,165,109
135,124,103
126,129,101
112,132,98
102,138,97
93,142,96
82,145,94
70,149,93
59,152,92
48,156,92
40,157,91
29,162,93
18,167,94
10,171,96
135,124,87
129,132,87
117,138,86
106,144,84
96,146,83
85,151,82
73,155,81
61,156,79
50,161,80
41,161,79
30,167,80
19,172,82
10,178,84
140,129,74
135,138,75
120,141,72
109,149,72
100,153,71
88,157,70
75,159,68
64,163,68
53,169,69
42,165,67
31,174,69
20,179,70
10,186,73
143,131,60
139,142,62
127,149,61
113,154,59
103,157,59
92,163,58
78,166,57
65,167,56
53,172,56
44,173,56
32,180,57
20,185,58
11,193,60
150,138,52
144,147,52
134,157,53
117,159,50
107,162,49
95,169,49
82,175,49
69,176,48
56,180,48
46,182,48
33,185,48
21,192,49
11,194,49
154,141,38
149,153,39
136,160,38
126,171,39
113,171,37
99,177,37
86,182,36
72,185,36
59,188,36
49,191,36
35,195,36
22,198,36
12,205,37
159,146,24
156,159,24
139,164,24
130,176,24
117,178,23
104,185,23
91,193,23
76,194,23
62,199,23
51,201,23
37,203,23
23,207,23
12,207,23
161,148,12
155,159,13
149,175,13
132,180,13
121,185,13
107,191,12
94,198,12
77,198,12
64,206,12
52,206,12
37,207,12
23,208,12
12,213,12
76,121,155
67,121,151
58,124,149
48,125,146
40,124,142
32,127,142
23,128,141
13,128,140
4,130,141
-1,130,141
-11,130,142
-20,131,144
-27,128,142
77,122,141
69,124,139
58,124,134
48,126,132
41,125,129
31,126,127
22,127,126
13,127,125
4,128,125
-1,130,127
-11,132,130
-20,132,130
-27,132,132
79,126,126
71,127,124
59,127,119
50,130,118
41,128,114
32,127,111
23,131,113
14,130,111
4,131,112
-2,134,113
-11,135,115
-21,137,118
-29,138,120
82,131,114
72,130,109
61,130,106
50,130,103
42,128,99
32,129,98
23,132,99
14,132,98
5,135,100
-2,136,100
-12,141,104
-22,141,105
-30,144,108
83,132,103
73,132,99
61,130,94
49,129,91
42,130,90
33,131,89
23,133,89
14,135,89
5,136,90
-2,140,92
-12,143,94
-22,144,96
-30,146,98
86,138,91
75,135,87
62,133,82
51,133,80
43,134,79
33,134,77
24,138,78
14,138,78
5,141,79
-2,142,80
-12,146,82
-23,149,85
-32,156,89
88,141,79
78,141,76
64,136,71
52,135,68
45,138,68
35,140,68
25,143,68
15,145,69
5,147,69
-2,150,71
-12,152,72
-24,155,74
-33,158,76
92,146,67
80,144,64
66,141,61
55,142,59
47,145,59
36,145,58
26,148,59
16,150,59
5,152,59
-2,151,59
-13,159,62
-24,160,63
-35,168,67
93,149,55
83,150,53
68,146,50
57,149,50
48,148,48
38,153,49
28,156,49
16,153,48
5,160,50
-2,157,49
-13,162,51
-26,166,52
-35,170,54
97,155,47
87,156,45
73,156,44
60,156,42
51,158,42
39,157,41
29,163,42
17,162,41
6,166,42
-2,167,42
-14,167,43
-26,170,44
-36,173,45
100,160,34
90,161,33
76,162,32
63,163,32
54,166,32
42,168,31
30,170,31
18,173,31
6,176,32
-2,177,32
-15,177,32
-28,181,33
-38,182,34
103,164,21
93,167,21
78,168,20
66,172,20
56,173,20
43,173,19
32,180,20
19,182,20
7,188,21
-2,184,20
-15,185,20
-28,185,20
-39,186,21
105,168,11
96,172,11
83,177,11
69,179,11
59,182,11
45,180,10
33,187,11
20,190,11
7,190,11
-2,192,11
-16,193,11
-30,193,11
-39,188,11
39,124,141
32,125,140
23,125,138
13,122,133
7,123,134
-1,121,131
-9,121,132
-17,119,131
-26,121,134
-33,119,134
-42,118,136
-50,116,137
-56,112,136
39,125,128
32,125,126
22,123,122
13,122,120
7,119,116
-1,120,117
-9,119,116
-17,118,117
-25,117,117
-32,118,120
-42,119,123
-51,118,126
-58,117,127
41,130,115
33,128,112
23,125,108
13,122,104
7,120,102
-1,121,102
-9,118,101
-18,120,103
-27,122,106
-33,121,107
-43,122,110
-53,123,114
-60,122,115
42,134,103
34,132,100
23,126,94
14,124,91
7,120,88
-1,119,88
-9,121,89
-18,121,90
-27,122,92
-35,126,96
-44,124,97
-53,123,99
-62,126,103
42,136,94
34,132,90
23,126,84
14,123,81
7,121,80
-1,122,80
-9,124,81
-18,123,82
-27,124,84
-35,127,86
-45,127,89
-55,127,91
-64,128,94
43,138,81
35,135,78
24,131,75
14,128,72
7,127,71
-1,124,70
-9,126,71
-19,128,73
-28,129,74
-36,131,76
-46,131,78
-56,131,80
-65,131,82
45,145,72
36,141,69
24,132,63
15,132,63
7,130,62
-1,130,61
-10,132,62
-19,131,62
-29,131,63
-36,133,65
-47,134,67
-58,133,68
-69,139,74
46,148,60
37,144,58
25,139,55
15,136,53
8,137,53
-1,135,53
-10,137,53
-20,135,53
-31,140,56
-38,138,56
-49,140,58
-60,139,59
-71,144,63
48,153,50
39,153,49
26,144,45
16,144,45
8,143,45
-1,144,45
-11,143,45
-21,142,45
-31,143,45
-40,145,47
-51,145,48
-63,146,49
-73,147,51
49,157,42
41,159,42
28,154,40
17,152,39
9,150,38
-1,150,38
-12,152,39
-22,149,38
-33,152,39
-42,152,40
-54,153,41
-66,151,42
-76,153,43
51,163,31
42,162,30
29,161,30
18,160,29
10,163,30
-1,162,29
-12,162,29
-23,157,29
-35,160,30
-45,163,30
-57,161,31
-68,157,31
-79,159,32
54,171,20
43,169,19
31,170,19
19,167,18
10,166,18
-1,168,18
-13,170,19
-25,170,19
-38,171,19
-47,169,19
-59,168,19
-71,164,20
-80,160,20
53,170,10
44,172,10
32,174,10
19,173,10
10,175,10
-1,173,10
-13,176,10
-26,174,10
-39,178,10
-48,176,10
-61,173,10
-74,171,10
-82,165,10
4,123,134
-1,123,133
-10,122,133
-18,121,133
-24,118,131
-33,117,132
-40,113,130
-49,112,133
-57,110,135
-64,108,137
-72,105,139
-81,101,141
-85,95,139
4,125,123
-1,123,120
-10,121,119
-18,119,118
-24,117,117
-32,114,116
-41,115,120
-49,111,119
-57,109,120
-63,107,122
-73,106,126
-80,100,125
-87,98,128
5,129,110
-1,126,107
-10,125,106
-18,122,104
-24,119,103
-33,118,104
-42,118,106
-49,113,104
-58,111,107
-66,112,110
-75,108,112
-84,105,114
-90,101,115
5,130,96
-1,128,94
-10,127,94
-19,124,92
-25,122,92
-33,119,91
-42,117,91
-50,115,93
-59,114,94
-67,113,97
-77,111,100
-87,108,102
-94,105,104
5,133,87
-1,130,85
-10,128,84
-19,124,83
-25,121,81
-33,119,81
-42,117,82
-50,115,83
-60,115,85
-68,115,88
-78,113,91
-87,109,92
-97,109,96
5,138,77
-1,135,76
-10,132,75
-19,128,73
-25,124,71
-34,124,72
-43,120,72
-52,120,74
-62,119,76
-69,117,76
-81,117,80
-91,114,82
-100,113,85
5,144,68
-1,136,64
-11,133,63
-20,130,62
-26,127,61
-35,124,61
-45,125,63
-54,123,63
-64,122,65
-71,119,65
-83,120,69
-94,117,71
-106,119,75
5,148,58
-1,144,56
-11,139,54
-21,138,54
-28,134,53
-36,130,53
-47,132,55
-56,128,55
-68,130,57
-74,124,56
-87,125,59
-99,123,61
-110,123,64
6,154,48
-1,150,47
-12,145,45
-21,142,45
-29,140,44
-39,138,45
-49,138,45
-59,135,46
-70,133,47
-78,131,47
-92,133,50
-103,129,51
-114,128,54
6,161,41
-2,158,40
-12,153,39
-23,150,38
-31,149,39
-42,149,39
-51,144,39
-62,141,39
-73,139,40
-82,139,41
-96,139,43
-107,134,44
-116,130,44
6,167,30
-2,165,30
-13,159,29
-24,157,29
-32,157,29
-43,153,29
-54,152,29
-66,150,30
-78,148,30
-86,146,31
-100,144,32
-111,138,32
-120,135,33
6,173,19
-2,170,19
-13,167,18
-25,166,18
-34,164,18
-45,161,18
-57,159,18
-68,156,19
-82,156,19
-91,153,19
-103,148,20
-115,143,20
-122,137,20
6,175,10
-2,176,10
-14,173,10
-26,171,10
-35,171,10
-47,168,10
-59,167,10
-71,162,10
-84,161,10
-94,158,10
-106,154,11
-116,145,10
-126,142,11
-28,123,137
-34,122,138
-42,118,136
-51,115,136
-56,111,136
-65,109,139
-72,104,138
-81,101,141
-88,95,141
-95,92,144
-103,86,146
-108,78,145
-111,72,144
-28,125,125
-34,122,124
-42,117,122
-51,114,123
-57,112,123
-65,108,123
-74,107,127
-80,100,125
-89,95,127
-95,92,130
-103,87,132
-109,79,132
-112,73,131
-29,128,112
-36,126,112
-43,120,108
-51,116,108
-57,113,108
-66,110,109
-75,108,112
-83,103,112
-91,98,114
-96,93,114
-107,90,119
-113,82,119
-120,78,122
-31,134,101
-37,132,101
-44,121,95
-52,118,95
-58,114,94
-67,111,96
-75,108,97
-83,102,97
-92,99,99
-99,96,101
-109,92,105
-117,85,106
-124,80,109
-31,135,91
-37,131,90
-44,123,86
-52,118,85
-58,115,85
-67,111,85
-76,109,87
-85,105,89
-95,102,91
-101,98,92
-110,92,95
-119,86,97
-124,81,97
-31,138,79
-38,134,78
-46,127,76
-55,124,76
-61,120,76
-69,116,76
-78,112,77
-88,109,78
-96,103,79
-103,100,81
-114,96,84
-122,89,85
-128,83,86
-32,142,69
-39,139,68
-47,129,65
-56,127,65
-61,121,64
-71,119,65
-81,116,67
-90,111,68
-99,106,68
-106,103,70
-116,98,72
-124,90,72
-131,85,74
-34,148,59
-41,145,59
-50,138,57
-58,132,56
-65,129,56
-74,123,56
-84,120,57
-92,114,57
-104,111,59
-109,105,59
-121,102,62
-130,94,63
-137,89,64
-35,155,49
-42,148,48
-51,142,47
-60,136,46
-68,135,47
-77,128,46
-87,125,47
-96,119,48
-107,115,49
-113,110,49
-126,106,51
-134,97,51
-144,93,53
-36,160,42
-44,156,41
-54,151,41
-64,145,40
-71,140,40
-82,137,40
-91,131,40
-100,124,40
-112,121,42
-119,115,42
-132,111,44
-140,102,44
-150,97,45
-38,166,31
-46,161,30
-57,157,30
-66,150,30
-74,146,30
-84,141,30
-98,140,31
-105,130,30
-117,126,31
-127,123,32
-139,117,33
-147,107,33
-155,100,33
-39,171,19
-48,169,19
-59,162,19
-70,158,19
-77,153,19
-89,149,19
-102,146,19
-113,139,20
-126,136,20
-133,129,20
-146,122,21
-152,111,21
-160,104,21
-39,173,10
-49,174,10
-62,171,10
-73,166,10
-81,160,10
-92,154,10
-105,151,10
-116,143,10
-130,140,11
-139,134,11
-151,127,11
-158,115,11
-163,106,11
141,130,120
133,136,119
125,147,121
113,154,120
102,156,117
89,158,114
77,162,113
65,166,112
52,167,110
43,168,109
31,173,110
19,172,109
10,173,109
139,128,105
132,135,105
126,148,108
113,154,106
101,154,103
89,158,101
76,161,99
64,164,98
52,166,97
42,166,95
30,169,95
19,172,96
10,172,96
137,126,87
131,133,87
125,147,90
113,154,90
102,154,87
92,164,88
77,162,84
63,163,82
51,165,81
43,168,81
31,170,81
19,173,81
10,177,83
141,130,74
134,138,74
127,149,76
116,158,76
103,157,72
91,162,72
77,163,69
64,165,68
52,168,68
43,168,67
31,173,68
19,177,68
10,179,69
139,128,62
135,138,63
124,146,63
115,156,63
106,161,63
90,160,60
77,163,59
65,167,58
52,168,57
43,169,57
31,173,57
19,176,58
10,179,58
143,132,49
138,141,49
126,149,49
115,156,49
107,162,49
93,165,47
80,169,47
66,168,45
53,170,44
44,172,44
31,173,44
20,180,45
10,184,46
144,132,35
137,140,35
130,153,35
117,159,35
107,162,34
95,169,34
80,169,33
65,168,32
53,170,32
44,175,32
32,176,32
20,181,32
10,185,33
146,134,21
139,142,21
131,154,21
120,164,21
109,166,21
96,170,21
80,170,20
67,172,19
55,178,20
44,175,19
33,180,19
20,185,20
11,195,21
149,138,7
140,143,7
131,154,7
122,166,7
109,166,7
97,172,7
82,174,7
68,175,7
56,179,7
46,181,6
33,185,7
21,190,7
11,196,7
153,140,-3
147,150,-3
137,162,-3
125,170,-3
113,172,-3
100,177,-3
85,180,-3
71,181,-2
57,183,-2
47,185,-2
34,189,-2
21,194,-2
11,200,-3
156,143,-18
149,153,-18
141,166,-18
127,173,-18
115,175,-17
100,178,-17
87,185,-17
72,185,-16
59,191,-17
49,192,-16
35,196,-16
22,198,-16
11,201,-17
156,143,-33
153,156,-34
140,165,-33
131,179,-34
115,175,-32
103,183,-32
89,189,-32
75,194,-32
61,197,-32
50,197,-31
36,200,-31
21,196,-30
11,202,-31
161,148,-46
152,156,-45
144,170,-46
131,178,-46
119,181,-45
104,185,-44
91,193,-45
77,196,-44
62,199,-43
51,202,-43
37,204,-43
22,204,-43
12,205,-43
88,141,104
80,144,103
67,144,100
56,145,97
48,148,97
37,149,96
27,151,96
16,151,95
5,155,97
-2,153,96
-13,156,98
-23,153,97
-31,150,96
90,144,94
79,142,91
66,141,87
56,145,87
47,146,85
37,148,85
27,151,85
16,149,83
5,150,83
-2,151,84
-13,153,85
-23,152,86
-31,151,86
90,144,79
80,143,77
68,145,75
55,144,72
47,144,71
37,149,72
26,149,71
16,149,70
5,150,70
-2,152,71
-13,155,73
-24,156,74
-32,155,74
91,145,66
80,145,64
67,143,61
55,142,59
47,144,58
36,143,57
26,146,57
15,147,57
5,148,57
-2,148,57
-12,150,58
-23,151,59
-31,149,59
90,144,55
80,145,54
67,142,51
54,141,49
47,143,49
35,142,48
25,144,47
15,148,48
5,150,49
-2,149,48
-12,149,49
-23,149,49
-30,146,49
92,146,43
81,145,42
67,143,40
55,144,39
46,142,37
36,143,37
26,146,37
15,148,37
5,150,37
-2,152,38
-12,147,37
-21,140,35
-29,138,35
94,150,31
82,147,30
68,145,28
55,144,27
47,145,27
37,147,27
26,149,27
15,148,26
5,151,27
-2,149,26
-12,143,25
-21,140,25
-28,137,25
96,153,19
83,149,18
69,147,17
58,151,17
49,150,17
37,150,16
27,153,16
16,154,16
5,154,16
-2,155,16
-12,145,15
-21,139,15
-29,139,15
97,155,6
85,153,6
72,153,6
59,152,6
50,153,6
38,154,5
27,155,5
16,154,5
5,158,5
-2,155,5
-12,147,5
-22,144,5
-29,138,5
99,158,-2
89,159,-2
74,158,-2
62,161,-2
51,158,-2
40,159,-2
28,161,-2
17,160,-2
6,162,-2
-2,159,-2
-12,148,-2
-22,146,-2
-29,140,-2
102,163,-16
89,160,-15
76,162,-15
63,165,-15
53,164,-14
41,166,-14
29,166,-14
17,165,-14
6,170,-14
-2,165,-14
-13,153,-13
-23,149,-12
-30,143,-12
103,163,-30
92,165,-29
78,167,-28
66,171,-28
55,170,-28
42,170,-27
31,174,-27
18,174,-27
6,176,-27
-2,166,-26
-13,155,-24
-23,150,-23
-30,145,-23
102,163,-40
92,166,-40
80,171,-39
67,173,-39
57,176,-39
43,174,-37
32,179,-38
19,178,-37
6,180,-38
-2,173,-36
-13,159,-33
-23,153,-32
-30,146,-31
42,135,89
34,135,87
24,134,86
15,135,85
8,136,86
-1,138,86
-10,139,87
-20,136,86
-30,135,87
-37,134,87
-47,134,89
-56,129,88
-61,122,86
42,133,77
34,131,75
24,132,74
15,134,75
8,137,76
-1,135,75
-10,138,77
-20,134,75
-29,132,75
-35,129,74
-46,130,76
-55,127,77
-61,124,77
41,132,64
34,132,64
24,131,62
15,132,62
8,131,61
-1,133,62
-10,132,62
-19,130,62
-29,130,62
-35,129,62
-46,132,65
-56,130,66
-63,127,66
38,121,49
31,121,48
23,125,49
14,124,48
7,124,48
-1,126,49
-10,127,49
-18,125,49
-27,124,49
-35,127,51
-44,124,51
-56,130,55
-62,124,53
36,114,39
29,115,39
20,113,37
12,111,36
7,116,38
-1,118,38
-9,120,39
-17,119,39
-26,121,40
-34,122,41
-44,124,43
-53,122,43
-61,123,45
32,101,26
27,107,28
18,100,25
12,109,27
6,109,27
0,108,27
-8,113,28
-16,112,28
-24,111,28
-33,119,31
-40,113,30
-47,110,30
-60,120,33
34,108,20
26,102,19
20,108,19
11,99,17
6,104,18
0,104,18
-8,108,19
-16,107,19
-22,101,18
-29,107,19
-37,104,19
-49,113,22
-56,113,22
34,108,12
27,105,11
20,109,11
11,100,10
6,101,10
0,104,11
-8,105,11
-15,104,11
-22,102,11
-29,107,11
-36,104,11
-48,112,13
-56,113,13
34,108,4
28,108,4
20,111,4
11,102,3
6,109,4
0,104,3
-8,103,3
-16,108,4
-23,104,3
-30,110,4
-37,106,4
-54,124,5
-57,115,4
36,114,-1
29,115,-1
20,112,-1
11,105,-1
6,107,-1
0,104,-1
-8,105,-1
-16,108,-1
-22,103,-1
-30,109,-1
-38,107,-1
-52,121,-1
-55,111,-1
36,114,-10
30,118,-10
22,120,-10
13,117,-10
7,120,-10
-1,123,-10
-9,124,-10
-18,125,-10
-27,123,-10
-34,123,-10
-39,112,-10
-52,121,-11
-55,111,-10
38,121,-19
31,121,-19
23,126,-20
14,123,-19
7,118,-18
-1,121,-18
-9,123,-19
-18,126,-19
-27,122,-19
-33,119,-19
-42,119,-19
-55,126,-21
-56,114,-19
37,120,-26
32,124,-26
22,121,-25
14,124,-26
7,119,-25
-1,121,-25
-9,126,-26
-18,124,-26
-28,129,-27
-35,127,-27
-43,121,-27
-52,121,-27
-58,117,-27
5,135,85
-1,133,84
-10,129,81
-20,130,82
-26,128,82
-35,125,81
-45,126,84
-53,121,83
-63,120,85
-70,117,86
-80,116,88
-86,108,87
-92,103,87
5,130,73
-1,130,72
-10,127,71
-19,126,71
-26,125,71
-34,123,71
-43,121,72
-52,119,72
-61,116,73
-67,114,74
-78,112,76
-86,108,77
-92,103,77
5,132,62
-1,131,61
-10,127,59
-18,123,58
-25,120,57
-33,119,58
-42,119,59
-51,117,60
-61,116,61
-68,115,62
-77,112,64
-87,109,65
-93,105,66
4,123,47
-1,125,48
-9,120,46
-18,118,46
-24,119,47
-31,113,45
-40,114,46
-50,114,48
-57,109,47
-66,112,50
-76,110,51
-89,112,55
-92,103,53
4,122,40
-1,121,39
-9,118,38
-17,111,37
-22,110,37
-30,107,36
-39,109,37
-46,106,37
-57,109,40
-64,108,41
-76,110,44
-83,103,43
-89,100,44
4,118,29
-1,110,27
-9,109,27
-15,103,26
-21,105,27
-28,102,26
-36,103,27
-44,100,27
-52,100,28
-61,103,30
-69,99,30
-75,93,30
-89,100,33
4,109,19
-1,106,19
-9,111,20
-14,97,17
-21,104,19
-27,97,18
-35,98,18
-41,94,18
-48,91,18
-57,96,20
-68,98,21
-73,92,21
-85,95,22
4,108,11
-1,108,11
-9,110,11
-15,98,10
-20,100,11
-27,97,10
-34,97,11
-41,94,11
-48,91,11
-56,95,11
-62,90,11
-78,97,13
-87,97,14
4,110,4
-1,107,4
-9,110,4
-15,99,3
-21,102,3
-27,98,3
-34,96,3
-43,98,4
-48,92,3
-56,95,4
-62,90,4
-77,96,4
-85,96,4
4,108,-1
-1,106,-1
-8,108,-1
-15,99,-1
-21,102,-1
-27,99,-1
-34,96,-1
-43,97,-1
-49,93,-1
-56,94,-1
-68,99,-1
-78,97,-1
-86,97,-1
4,108,-9
-1,107,-9
-9,110,-9
-17,112,-9
-23,114,-9
-32,115,-10
-40,113,-10
-46,106,-9
-56,106,-10
-62,104,-10
-69,99,-10
-81,101,-11
-88,98,-11
4,109,-17
-1,105,-16
-9,111,-17
-16,110,-17
-23,114,-18
-31,111,-18
-42,117,-19
-49,112,-19
-61,117,-20
-66,112,-20
-74,108,-20
-80,100,-20
-88,99,-20
4,115,-24
-1,117,-24
-9,118,-25
-17,117,-24
-23,114,-24
-31,112,-24
-41,116,-26
-50,115,-26
-60,115,-27
-64,108,-26
-76,110,-28
-83,103,-27
-89,100,-28
-32,142,92
-40,141,92
-49,135,90
-58,131,90
-66,129,91
-74,123,90
-84,120,92
-93,115,93
-104,112,96
-109,105,95
-120,101,98
-127,92,98
-130,84,97
-32,140,80
-39,136,79
-47,131,77
-56,126,77
-63,124,77
-74,124,80
-83,119,81
-93,116,83
-100,108,82
-107,103,83
-119,100,86
-126,92,87
-129,84,86
-33,143,69
-39,138,67
-48,133,66
-57,129,66
-62,123,64
-72,121,66
-81,116,66
-90,111,67
-99,107,68
-109,106,71
-121,102,74
-127,92,73
-133,86,74
-33,143,56
-39,139,55
-48,134,55
-57,128,54
-63,124,54
-71,119,53
-81,116,55
-91,113,56
-99,107,56
-109,105,58
-117,99,59
-128,93,61
-133,86,61
-31,137,46
-38,135,46
-47,131,45
-55,125,44
-62,122,45
-70,117,44
-81,116,46
-90,112,47
-101,108,48
-108,105,49
-118,99,50
-127,92,51
-135,88,52
-29,126,32
-36,126,33
-45,124,33
-56,126,34
-63,124,35
-70,118,34
-81,116,35
-90,112,36
-102,110,37
-110,107,38
-120,101,39
-127,93,39
-135,88,40
-27,118,21
-34,122,22
-45,124,23
-56,126,24
-63,125,25
-72,121,25
-82,118,25
-91,113,26
-101,109,26
-111,108,27
-121,101,28
-128,93,28
-137,89,29
-27,119,13
-34,119,13
-45,125,14
-57,129,15
-65,128,15
-74,123,15
-83,119,15
-93,115,16
-105,112,16
-110,106,16
-124,104,17
-133,97,17
-141,92,18
-26,116,4
-34,121,4
-45,123,4
-60,135,5
-66,130,5
-77,129,5
-87,124,5
-98,121,5
-107,115,5
-114,111,5
-127,107,6
-137,99,6
-149,96,6
-28,121,-1
-36,127,-2
-46,128,-2
-61,137,-2
-69,137,-2
-80,133,-2
-89,127,-2
-100,124,-2
-111,119,-2
-120,116,-2
-131,110,-2
-141,102,-2
-149,97,-2
-28,123,-10
-36,128,-11
-47,132,-11
-64,145,-13
-73,143,-13
-84,140,-13
-95,136,-14
-105,130,-14
-118,126,-14
-124,120,-14
-136,114,-15
-145,106,-15
-152,99,-15
-29,128,-20
-37,132,-21
-50,140,-23
-66,149,-25
-74,147,-25
-86,144,-26
-98,140,-26
-109,135,-27
-123,133,-28
-131,127,-28
-142,119,-28
-147,107,-28
-154,100,-28
-30,130,-28
-37,130,-28
-52,145,-32
-67,152,-34
-77,152,-35
-88,147,-36
-101,145,-37
-113,140,-37
-127,136,-39
-133,129,-39
-143,120,-39
-150,109,-39
-154,100,-38
154,142,66
146,150,66
136,160,66
124,169,66
115,176,66
99,176,63
85,180,63
73,187,63
58,188,62
48,189,61
35,194,62
21,193,61
11,191,60
150,138,52
145,148,53
133,157,53
124,169,54
111,169,52
98,175,52
84,177,50
71,182,50
57,183,49
47,185,49
34,188,49
21,189,49
11,191,49
149,137,37
145,148,38
131,155,37
123,167,38
110,168,37
97,173,36
82,174,35
69,176,35
55,178,34
47,183,35
34,186,35
21,188,35
11,190,35
151,139,23
142,145,23
133,157,23
122,166,23
109,165,22
95,170,22
81,172,21
67,173,21
56,179,21
45,178,20
33,182,21
20,187,21
11,190,21
149,137,12
143,146,12
131,154,12
119,162,12
109,165,12
92,164,11
81,171,11
66,171,11
54,175,11
46,179,11
33,182,11
20,186,11
11,187,11
150,138,-1
142,145,-1
130,153,-1
121,165,-1
110,167,-1
94,167,-1
80,168,-1
67,173,-1
55,176,-1
45,178,-1
33,183,-1
20,185,-1
11,189,-1
148,137,-15
142,145,-16
131,154,-15
120,163,-16
107,163,-15
92,165,-14
80,170,-14
67,171,-14
55,177,-14
45,176,-14
33,182,-14
20,184,-14
11,190,-14
149,137,-30
143,147,-30
131,155,-30
119,162,-30
107,163,-29
94,168,-28
81,172,-28
68,174,-27
55,176,-27
45,178,-27
33,183,-27
20,187,-28
11,193,-28
150,138,-45
141,144,-44
132,156,-45
117,159,-43
108,165,-43
94,167,-42
79,168,-41
68,174,-41
55,177,-41
46,181,-41
33,184,-41
21,189,-42
11,192,-42
152,140,-57
144,147,-57
131,154,-56
117,159,-55
108,164,-54
95,169,-53
82,173,-53
68,175,-52
56,181,-52
47,183,-52
34,188,-53
21,191,-53
11,196,-54
152,140,-73
141,144,-71
128,151,-70
118,160,-70
109,166,-70
96,170,-69
84,178,-69
71,181,-69
57,185,-68
48,188,-68
34,190,-68
21,191,-68
11,197,-70
147,136,-87
141,144,-88
130,153,-87
117,159,-86
107,163,-84
95,169,-84
84,178,-86
71,182,-85
58,188,-85
48,189,-84
34,190,-84
21,192,-84
11,192,-83
150,138,-102
142,145,-101
129,152,-99
118,160,-99
110,168,-100
96,172,-98
84,177,-98
72,185,-99
59,188,-98
48,190,-98
35,192,-97
21,193,-96
11,192,-96
101,161,60
91,164,59
76,162,56
64,166,56
54,166,55
42,169,55
30,171,55
18,173,55
6,175,55
-2,169,53
-13,161,51
-23,149,47
-29,141,45
98,157,48
88,158,46
74,157,45
62,160,44
52,161,43
41,166,44
29,164,43
17,165,43
6,171,44
-2,166,43
-13,154,40
-22,144,37
-29,138,36
98,157,34
89,159,33
73,155,31
60,155,30
52,159,31
40,159,30
28,160,30
17,163,30
6,165,30
-2,162,30
-12,151,28
-22,142,26
-29,141,26
97,154,20
86,155,20
71,152,19
60,155,19
51,155,18
39,155,18
28,159,18
17,162,18
5,158,18
-2,161,18
-12,148,16
-22,144,16
-29,138,16
97,155,11
86,154,10
70,150,10
58,151,9
49,151,9
38,153,9
28,157,9
17,158,9
5,159,9
-2,159,9
-12,149,9
-22,143,8
-29,138,8
96,154,-1
85,153,-1
71,152,-1
59,152,-1
49,150,-1
38,153,-1
27,154,-1
16,156,-1
5,159,-1
-2,157,-1
-12,148,-1
-22,142,-1
-28,137,-1
97,154,-14
86,154,-13
71,152,-13
58,151,-12
49,149,-12
38,152,-12
27,156,-12
16,157,-12
5,157,-12
-2,157,-12
-12,148,-11
-22,143,-11
-29,138,-11
97,154,-27
86,155,-26
71,153,-25
58,152,-24
50,153,-24
39,155,-23
27,155,-23
16,156,-23
5,160,-23
-2,156,-23
-12,148,-22
-22,141,-21
-28,136,-20
97,154,-40
86,155,-39
72,155,-38
59,152,-36
50,154,-35
38,154,-35
27,154,-34
16,157,-35
5,159,-35
-2,159,-35
-13,153,-34
-22,144,-32
-28,136,-30
98,156,-51
89,160,-51
74,158,-48
60,155,-46
50,155,-45
39,156,-44
28,161,-45
17,160,-44
6,164,-45
-2,161,-44
-12,152,-42
-22,144,-40
-29,138,-39
100,159,-66
89,159,-64
75,160,-62
61,159,-60
51,158,-59
40,162,-59
29,166,-59
17,164,-58
6,167,-59
-2,166,-59
-13,155,-55
-23,149,-53
-30,142,-51
99,157,-80
90,161,-80
75,161,-77
63,163,-76
53,164,-75
41,163,-73
30,168,-74
18,171,-74
6,175,-76
-2,170,-74
-13,157,-68
-23,150,-66
-29,141,-63
97,155,-91
88,158,-90
77,164,-90
63,163,-87
54,164,-86
41,166,-85
30,171,-87
18,171,-86
6,174,-87
-2,171,-85
-13,158,-79
-23,150,-75
-29,139,-70
37,119,39
31,120,39
21,115,36
12,113,36
6,114,36
-1,114,36
-8,113,35
-17,116,36
-24,112,36
-33,119,39
-41,116,39
-50,115,39
-55,111,39
36,117,31
29,113,30
21,116,30
12,113,29
7,117,30
-1,115,29
-9,115,30
-17,116,30
-25,113,30
-33,121,32
-41,116,32
-52,120,34
-57,116,33
34,109,21
27,105,20
20,109,20
11,101,18
6,106,19
0,102,18
-8,102,19
-15,105,19
-23,104,19
-29,108,20
-37,104,20
-50,117,23
-56,112,23
33,107,12
27,106,12
20,110,12
11,103,11
6,106,12
0,104,11
-8,104,11
-16,108,12
-23,104,12
-31,112,13
-36,103,12
-51,117,14
-57,114,14
35,112,7
25,99,6
19,103,6
10,95,5
6,98,6
0,98,6
-7,97,5
-15,100,6
-22,100,6
-29,105,6
-36,102,6
-48,110,7
-52,105,7
34,110,-1
25,98,0
19,103,0
10,96,0
6,99,0
0,96,0
-7,97,0
-14,98,0
-22,99,0
-29,107,0
-36,103,0
-49,113,-1
-53,107,-1
34,110,-9
25,97,-7
18,101,-8
10,93,-7
6,98,-7
0,96,-7
-7,98,-7
-14,97,-7
-21,96,-7
-29,104,-8
-35,101,-8
-48,111,-9
-53,107,-9
32,103,-16
25,97,-15
19,103,-15
10,92,-13
5,97,-14
0,95,-14
-7,96,-14
-14,96,-14
-20,94,-14
-29,104,-16
-35,100,-15
-48,110,-18
-54,108,-18
32,103,-24
27,105,-24
20,109,-24
11,98,-22
6,104,-23
0,100,-22
-7,100,-22
-15,102,-22
-22,101,-22
-30,108,-24
-36,102,-24
-51,117,-28
-53,106,-26
34,109,-31
28,111,-31
20,108,-30
11,99,-27
6,101,-28
0,98,-27
-7,97,-26
-15,101,-28
-21,97,-27
-29,105,-30
-35,99,-29
-50,115,-35
-54,109,-33
34,108,-40
29,112,-41
20,113,-40
12,111,-39
6,112,-40
-1,116,-41
-9,117,-41
-17,120,-43
-25,115,-42
-32,117,-43
-39,112,-42
-48,111,-43
-54,109,-43
35,112,-51
29,112,-50
21,115,-51
13,115,-50
6,111,-48
0,110,-47
-9,118,-51
-17,117,-51
-26,120,-53
-32,117,-53
-41,115,-53
-49,112,-53
-55,110,-53
34,110,-58
29,115,-59
20,111,-56
12,111,-55
6,108,-54
0,108,-53
-9,115,-58
-16,113,-57
-26,119,-61
-32,115,-59
-40,114,-60
-49,113,-61
-55,111,-62
4,117,36
-1,115,36
-9,117,37
-16,109,34
-23,111,35
-30,107,35
-37,105,35
-45,103,35
-52,99,35
-60,102,37
-69,99,38
-75,94,38
-81,91,38
4,122,31
-1,115,29
-9,119,31
-17,111,29
-23,112,29
-30,108,29
-38,106,29
-45,104,29
-52,100,29
-57,97,29
-65,94,29
-70,88,29
-79,88,30
4,105,19
-1,107,19
-8,108,20
-14,96,18
-20,97,18
-27,96,18
-34,95,18
-41,95,19
-48,93,19
-55,92,20
-60,87,19
-76,95,22
-79,89,22
4,107,12
-1,107,12
-9,109,12
-14,97,11
-20,98,11
-27,97,11
-34,95,11
-41,95,11
-48,91,11
-55,93,12
-60,87,12
-73,92,13
-81,91,13
4,110,6
-1,104,6
-8,106,6
-13,89,5
-19,91,5
-25,89,5
-31,87,5
-39,90,6
-45,85,5
-56,95,6
-61,88,6
-76,94,7
-83,93,7
4,109,0
-1,105,0
-8,107,0
-13,90,0
-19,92,0
-25,89,0
-31,87,0
-40,92,0
-45,86,0
-56,95,0
-62,90,0
-75,94,-1
-81,91,-1
4,109,-8
-1,100,-7
-8,98,-7
-13,89,-7
-19,92,-7
-25,89,-7
-31,88,-7
-38,86,-7
-44,84,-7
-55,93,-8
-60,87,-8
-74,93,-9
-79,89,-9
4,107,-16
-1,93,-14
-8,106,-15
-13,89,-13
-19,91,-14
-25,90,-14
-31,88,-14
-39,88,-14
-43,82,-13
-55,92,-16
-60,86,-15
-74,93,-17
-82,92,-18
4,105,-23
-1,101,-22
-8,103,-22
-14,95,-21
-20,98,-22
-25,90,-20
-31,89,-20
-40,92,-22
-45,87,-21
-55,93,-24
-60,86,-23
-74,92,-26
-82,92,-27
4,108,-30
-1,98,-27
-8,101,-28
-14,95,-26
-19,96,-27
-25,91,-26
-31,87,-25
-40,92,-28
-45,86,-26
-55,92,-29
-59,85,-28
-75,94,-33
-82,92,-34
4,106,-37
-1,107,-38
-8,107,-38
-16,105,-37
-22,106,-38
-31,110,-40
-38,107,-40
-47,108,-42
-54,103,-41
-61,102,-42
-68,98,-42
-76,95,-43
-84,94,-45
4,110,-48
-1,111,-48
-9,109,-47
-16,106,-47
-21,104,-46
-28,102,-46
-39,110,-51
-46,105,-50
-52,99,-49
-61,104,-52
-68,98,-52
-75,94,-52
-81,91,-53
4,109,-54
-1,111,-55
-8,107,-53
-16,108,-54
-21,103,-52
-28,102,-53
-38,106,-56
-45,103,-56
-56,107,-60
-60,102,-59
-71,103,-62
-77,96,-61
-81,90,-60
-27,120,39
-34,120,39
-44,122,41
-58,131,45
-72,141,50
-81,136,50
-92,132,50
-101,126,51
-113,122,52
-121,117,53
-132,111,54
-141,103,55
-145,94,54
-26,116,30
-33,117,31
-43,120,33
-58,130,37
-68,134,39
-80,134,40
-91,130,41
-101,125,41
-109,117,41
-115,111,41
-129,109,43
-137,100,44
-145,94,44
-25,111,21
-32,114,22
-42,117,23
-54,123,24
-65,129,26
-76,127,27
-88,126,28
-98,121,28
-107,115,29
-115,111,29
-127,107,30
-137,100,31
-145,94,32
-26,113,13
-33,115,13
-40,111,13
-54,122,15
-65,128,16
-74,123,16
-85,122,17
-96,118,17
-104,111,17
-115,111,18
-127,106,18
-135,98,19
-145,94,19
-25,110,6
-32,113,7
-40,112,7
-53,119,7
-63,124,8
-72,120,8
-84,121,9
-94,117,9
-106,113,9
-112,108,9
-124,104,9
-134,98,10
-144,94,10
-25,111,0
-31,111,-1
-40,112,-1
-52,118,-1
-63,123,-1
-71,119,-1
-83,118,-1
-93,115,-1
-104,112,-1
-113,109,-1
-125,105,-1
-135,98,-1
-146,95,-1
-25,108,-8
-31,111,-9
-39,109,-9
-52,117,-10
-64,126,-11
-72,120,-11
-82,118,-11
-92,114,-11
-102,110,-11
-111,108,-12
-124,104,-12
-136,99,-13
-151,98,-14
-24,106,-16
-31,110,-17
-40,112,-17
-53,119,-19
-64,126,-21
-73,122,-21
-84,120,-22
-94,116,-22
-103,111,-22
-110,107,-23
-124,104,-24
-135,98,-25
-150,98,-26
-24,105,-24
-30,107,-24
-41,114,-27
-54,123,-29
-64,126,-31
-74,123,-32
-85,121,-32
-95,117,-33
-106,114,-34
-114,110,-35
-127,106,-36
-138,100,-37
-154,100,-40
-25,108,-31
-32,113,-32
-42,116,-34
-56,127,-38
-67,133,-41
-75,126,-40
-88,126,-42
-98,121,-43
-109,117,-44
-116,112,-44
-129,108,-46
-140,102,-48
-149,97,-49
-26,116,-42
-34,120,-44
-43,120,-45
-57,129,-50
-68,134,-53
-79,131,-54
-90,129,-56
-100,123,-56
-113,121,-58
-120,116,-59
-131,110,-60
-139,101,-61
-149,97,-63
-26,116,-51
-34,119,-53
-44,123,-57
-58,132,-63
-69,136,-66
-82,136,-69
-92,133,-70
-103,128,-71
-116,124,-74
-121,117,-73
-132,111,-75
-138,100,-74
-145,94,-75
-26,113,-58
-33,118,-61
-44,122,-65
-59,134,-73
-71,141,-78
-81,136,-79
-93,134,-81
-104,129,-82
-115,124,-84
-123,119,-85
-131,110,-85
-140,102,-86
-144,93,-85
166,153,9
159,162,9
146,172,9
133,181,8
121,184,8
106,188,8
92,194,8
78,201,8
63,202,8
52,206,8
38,211,8
23,209,8
12,210,8
166,153,-2
159,162,-2
143,169,-2
133,181,-2
118,180,-2
103,184,-2
89,189,-2
75,193,-2
61,197,-2
51,200,-2
37,202,-2
22,205,-2
11,203,-2
168,155,-18
155,158,-18
143,169,-18
134,182,-18
117,178,-17
102,182,-17
88,187,-17
74,190,-16
59,191,-16
49,194,-16
36,199,-16
22,204,-16
11,201,-16
176,162,-36
172,175,-37
159,187,-37
150,204,-38
127,193,-35
104,185,-32
88,187,-31
72,185,-30
58,188,-30
48,188,-29
35,195,-30
22,198,-30
11,200,-30
188,173,-53
182,186,-54
167,196,-53
157,213,-55
132,201,-50
107,190,-45
87,184,-42
71,182,-40
57,184,-40
48,187,-40
35,191,-40
21,195,-40
11,194,-40
201,185,-76
191,196,-77
175,206,-76
159,216,-75
137,208,-70
110,196,-63
88,186,-58
71,181,-55
57,184,-54
47,185,-53
34,190,-54
21,191,-54
11,195,-55
200,184,-97
190,194,-97
174,205,-96
155,211,-94
137,208,-89
109,195,-80
88,187,-74
70,180,-69
56,181,-68
46,182,-67
34,187,-68
21,188,-68
11,190,-68
193,178,-115
182,186,-114
165,194,-112
148,201,-110
131,200,-105
106,189,-95
87,184,-89
71,181,-85
55,178,-82
45,178,-80
33,184,-82
21,189,-83
11,191,-84
185,170,-132
174,178,-131
156,184,-127
140,190,-124
124,189,-119
106,189,-113
87,183,-107
69,178,-100
56,179,-98
45,176,-95
34,186,-99
20,188,-99
11,189,-100
175,161,-142
165,168,-140
148,174,-136
134,182,-134
121,184,-131
104,185,-126
86,183,-120
70,180,-115
55,177,-110
46,179,-110
33,183,-110
20,185,-110
10,186,-110
162,149,-152
150,153,-149
138,163,-148
125,170,-146
114,174,-144
99,176,-140
84,178,-137
70,179,-133
55,178,-129
45,176,-126
33,183,-129
20,182,-127
10,182,-127
149,137,-162
143,146,-164
128,151,-159
118,161,-160
109,166,-159
95,169,-156
82,174,-154
69,177,-153
54,174,-147
44,175,-145
32,176,-143
19,179,-144
10,176,-141
141,130,-171
133,136,-169
126,148,-173
112,152,-169
105,159,-170
91,163,-167
80,169,-167
66,170,-163
54,174,-163
44,174,-161
32,176,-159
19,174,-156
10,174,-155
109,174,8
98,177,8
83,178,7
69,179,7
60,183,7
45,182,7
32,182,7
19,183,7
6,184,7
-2,183,7
-15,178,7
-26,167,6
-33,159,6
105,168,-2
95,172,-2
81,172,-2
67,174,-2
57,174,-2
44,176,-2
31,176,-2
18,175,-2
6,175,-2
-2,178,-2
-14,171,-2
-24,158,-2
-31,151,-1
102,163,-15
93,167,-15
79,169,-15
66,171,-15
55,169,-14
42,170,-14
30,169,-14
18,171,-14
6,173,-14
-2,171,-14
-14,169,-14
-24,158,-13
-32,153,-12
100,160,-29
90,163,-28
76,163,-27
64,165,-27
53,163,-26
41,162,-25
29,163,-25
17,163,-25
6,164,-25
-2,169,-25
-14,166,-25
-23,153,-23
-31,147,-23
96,154,-37
89,160,-38
75,160,-36
62,161,-35
52,160,-34
39,157,-33
28,160,-33
17,159,-33
6,164,-34
-2,165,-34
-13,159,-33
-23,150,-31
-29,142,-30
97,154,-51
88,158,-50
74,158,-49
62,160,-48
52,159,-47
39,155,-45
28,158,-45
17,158,-44
5,160,-45
-2,162,-45
-13,155,-43
-22,144,-41
-29,139,-40
96,153,-65
87,156,-64
72,155,-61
61,158,-60
51,157,-59
39,155,-57
27,155,-56
16,154,-55
5,158,-56
-2,156,-56
-12,151,-54
-22,142,-51
-28,135,-49
93,149,-77
85,153,-77
72,154,-74
61,157,-74
51,155,-72
39,156,-70
27,155,-69
16,157,-69
5,160,-70
-2,156,-68
-12,147,-65
-21,140,-62
-27,130,-58
91,146,-90
84,151,-91
71,153,-88
59,154,-87
50,154,-85
39,156,-84
27,155,-82
16,154,-81
5,157,-82
-2,154,-81
-12,148,-78
-21,138,-73
-27,132,-71
92,147,-103
84,152,-103
73,156,-102
61,157,-100
50,155,-97
39,157,-96
28,158,-95
16,156,-93
5,158,-94
-2,157,-93
-12,145,-86
-21,139,-83
-27,128,-78
93,148,-121
84,150,-119
72,154,-118
59,154,-114
50,154,-112
39,155,-111
28,158,-111
16,157,-109
5,159,-110
-2,157,-109
-12,145,-101
-21,138,-96
-27,128,-91
89,142,-135
82,147,-135
70,149,-132
58,152,-130
49,151,-128
39,155,-128
27,155,-127
17,159,-128
5,159,-128
-2,156,-125
-12,144,-116
-21,135,-110
-26,127,-104
87,139,-146
79,143,-146
68,146,-144
57,149,-143
49,151,-142
38,152,-140
27,155,-141
16,158,-141
5,158,-141
-2,155,-139
-12,143,-128
-20,134,-121
-26,124,-113
39,126,5
33,129,5
23,124,5
13,118,4
7,122,4
-1,118,4
-9,119,4
-18,122,4
-26,119,4
-34,125,5
-44,125,5
-53,122,5
-58,117,5
39,124,-1
30,119,-1
22,122,-1
13,119,-1
7,120,-1
-1,119,-1
-9,118,-1
-18,122,-1
-26,120,-1
-35,126,-1
-42,119,-1
-51,117,-1
-56,113,-1
35,113,-9
27,108,-9
21,114,-9
12,106,-8
6,110,-9
0,108,-8
-8,107,-8
-16,109,-9
-24,109,-9
-31,114,-9
-38,108,-9
-50,115,-10
-58,116,-10
35,111,-17
28,111,-17
21,114,-17
12,106,-16
6,109,-16
0,106,-16
-8,107,-16
-16,110,-17
-23,107,-16
-30,111,-17
-38,108,-17
-48,110,-18
-56,112,-19
34,110,-23
26,103,-22
19,107,-22
11,98,-20
6,101,-21
0,101,-21
-7,99,-20
-15,104,-21
-22,100,-21
-30,108,-23
-37,105,-23
-49,113,-25
-55,110,-25
33,107,-31
26,100,-29
19,105,-30
11,97,-27
5,97,-27
0,99,-27
-7,100,-28
-14,96,-27
-22,99,-28
-29,106,-31
-35,100,-30
-48,112,-34
-52,105,-33
33,107,-40
24,96,-35
19,103,-37
10,95,-34
5,93,-33
0,95,-34
-7,98,-35
-14,94,-34
-21,97,-35
-28,102,-38
-35,99,-37
-47,109,-42
-52,106,-42
30,97,-45
26,102,-46
18,99,-44
10,92,-41
6,99,-43
0,100,-44
-7,100,-44
-15,100,-44
-20,92,-41
-28,101,-46
-34,97,-45
-45,104,-49
-53,106,-52
30,97,-53
25,97,-53
19,105,-56
11,99,-52
5,95,-50
0,98,-51
-7,98,-52
-14,98,-52
-21,95,-51
-28,103,-56
-34,98,-54
-45,105,-60
-52,106,-62
32,102,-63
26,101,-62
18,101,-61
10,95,-57
5,97,-58
0,93,-55
-7,93,-55
-14,94,-56
-21,94,-57
-27,100,-61
-38,107,-67
-44,103,-66
-52,104,-69
33,106,-77
25,100,-71
18,101,-71
11,102,-71
6,105,-72
0,106,-73
-8,105,-73
-15,104,-73
-23,107,-76
-28,103,-74
-36,103,-75
-44,101,-76
-52,104,-80
32,102,-86
25,98,-81
18,101,-82
11,103,-83
6,102,-81
0,102,-81
-8,105,-85
-15,104,-85
-24,108,-89
-29,106,-88
-35,101,-86
-43,100,-88
-50,101,-90
31,99,-93
25,100,-92
19,102,-93
11,100,-90
6,99,-89
0,100,-89
-8,102,-91
-15,101,-91
-23,105,-96
-29,104,-97
-36,104,-98
-44,101,-98
-48,97,-97
4,125,4
-1,127,5
-10,121,4
-17,113,4
-23,115,4
-31,111,4
-39,110,4
-47,108,4
-54,103,4
-64,108,4
-72,104,5
-82,102,5
-85,96,5
4,120,-1
-1,118,-1
-10,121,-1
-17,112,-1
-23,115,-1
-31,112,-1
-39,109,-1
-47,108,-1
-54,104,-1
-61,103,-1
-70,101,-1
-74,92,-1
-85,95,-1
4,115,-9
-1,108,-8
-9,110,-9
-15,100,-8
-21,103,-8
-28,100,-8
-34,97,-8
-43,98,-8
-48,92,-8
-58,97,-9
-63,91,-9
-77,97,-10
-84,94,-10
4,116,-17
-1,107,-16
-9,109,-16
-15,100,-15
-21,101,-15
-28,99,-15
-34,96,-15
-42,97,-16
-48,92,-16
-57,96,-17
-63,90,-16
-77,96,-18
-82,92,-19
4,111,-23
-1,98,-20
-8,101,-21
-13,90,-19
-19,92,-19
-25,90,-19
-32,90,-19
-40,91,-20
-46,88,-20
-56,94,-22
-61,88,-22
-72,90,-23
-81,91,-25
4,108,-30
-1,97,-27
-8,100,-28
-13,88,-25
-18,90,-26
-25,90,-26
-31,87,-26
-39,90,-27
-44,85,-27
-55,93,-30
-60,87,-29
-71,89,-32
-80,89,-33
4,109,-39
-1,96,-34
-8,99,-35
-13,89,-32
-18,88,-32
-24,86,-32
-32,90,-34
-37,86,-33
-44,84,-34
-54,91,-38
-58,85,-37
-71,89,-41
-77,87,-41
3,100,-44
-1,95,-41
-7,93,-41
-13,88,-39
-18,91,-41
-25,89,-41
-32,89,-41
-38,87,-42
-43,81,-40
-52,88,-45
-58,84,-45
-68,85,-48
-78,88,-51
3,99,-52
-1,96,-50
-8,99,-52
-14,93,-49
-19,94,-50
-25,91,-49
-31,88,-49
-38,87,-50
-45,86,-51
-52,88,-53
-62,89,-57
-66,82,-55
-78,87,-61
3,100,-59
-1,100,-59
-8,98,-58
-14,91,-55
-18,90,-55
-24,88,-54
-30,84,-53
-37,85,-55
-43,82,-55
-51,87,-60
-61,89,-64
-70,87,-66
-77,86,-68
3,98,-68
-1,101,-70
-8,97,-67
-14,96,-67
-20,98,-69
-28,101,-72
-36,100,-74
-41,94,-71
-48,93,-72
-54,91,-74
-61,88,-74
-68,85,-76
-75,84,-78
3,99,-80
-1,99,-79
-8,98,-79
-15,98,-80
-19,95,-78
-26,94,-78
-34,96,-81
-41,94,-83
-50,96,-87
-54,91,-85
-60,87,-85
-68,85,-87
-74,83,-90
3,97,-87
-1,99,-89
-8,98,-88
-14,95,-86
-19,94,-85
-25,91,-84
-33,93,-88
-39,90,-88
-48,93,-93
-55,93,-96
-61,88,-95
-68,85,-97
-71,80,-95
-30,130,5
-37,129,5
-46,128,5
-60,136,5
-76,150,6
-87,146,6
-100,144,6
-112,139,7
-121,130,7
-129,125,7
-143,120,7
-153,111,7
-154,100,7
-27,117,-1
-33,118,-1
-44,122,-1
-56,127,-1
-72,141,-2
-83,139,-2
-95,136,-2
-105,130,-2
-114,122,-2
-124,120,-2
-138,116,-2
-147,107,-2
-151,98,-2
-26,116,-9
-32,114,-9
-42,117,-10
-54,122,-11
-68,134,-12
-79,133,-12
-93,133,-13
-102,126,-13
-113,121,-13
-120,116,-13
-135,113,-14
-144,104,-14
-150,97,-14
-24,107,-16
-31,110,-17
-40,112,-18
-52,118,-19
-66,130,-22
-76,127,-22
-88,127,-23
-97,120,-23
-108,116,-24
-115,112,-24
-129,108,-25
-141,102,-26
-147,95,-27
-24,106,-22
-31,109,-23
-39,107,-23
-50,113,-25
-63,125,-29
-74,123,-29
-86,123,-31
-94,116,-31
-108,116,-33
-116,112,-33
-127,107,-34
-136,99,-35
-146,95,-36
-25,110,-31
-30,105,-30
-38,105,-31
-49,110,-34
-62,122,-38
-72,121,-39
-83,119,-41
-95,117,-42
-104,112,-43
-113,109,-44
-126,106,-46
-133,97,-46
-142,92,-47
-25,110,-40
-30,104,-39
-37,103,-39
-48,108,-42
-61,120,-48
-71,119,-49
-83,119,-52
-92,114,-52
-103,111,-54
-110,107,-55
-123,103,-57
-131,95,-58
-140,91,-60
-23,100,-45
-29,102,-46
-38,105,-49
-48,109,-52
-60,119,-59
-72,120,-61
-82,117,-63
-92,114,-64
-105,113,-68
-110,106,-67
-123,103,-70
-131,95,-71
-136,88,-71
-22,98,-53
-28,98,-53
-37,102,-57
-47,107,-61
-61,121,-71
-71,119,-73
-82,117,-75
-92,114,-77
-104,112,-80
-110,106,-80
-121,102,-83
-128,93,-83
-137,89,-86
-23,102,-62
-29,103,-63
-38,105,-66
-48,109,-71
-62,122,-81
-73,123,-85
-86,123,-89
-92,114,-87
-104,112,-91
-112,108,-92
-121,102,-94
-131,95,-96
-135,88,-96
-23,103,-73
-30,107,-77
-38,107,-79
-50,112,-85
-63,124,-96
-73,121,-98
-84,120,-101
-93,115,-103
-106,114,-108
-113,109,-109
-122,103,-111
-130,94,-111
-132,86,-109
-23,103,-85
-29,102,-85
-39,107,-91
-50,114,-100
-61,121,-109
-73,122,-114
-85,122,-120
-94,117,-120
-106,114,-125
-113,109,-126
-122,102,-128
-127,92,-126
-130,85,-125
-22,98,-90
-28,100,-93
-37,103,-98
-48,109,-107
-62,122,-122
-72,121,-126
-85,122,-133
-95,118,-135
-106,114,-139
-112,108,-139
-120,101,-140
-127,93,-141
-128,83,-136
