
303
300
298
299
299
299
299
299
299
299
299
299
298
298
299
299
299
297
299
298
299
297
299
299
297
299
297
298
297
299
298
300
299
299
299
298
299
299
298
298
298
298
299
299
298
299
300
298
299
296
299
298
299
298
299
299
298
297
298
299
298
299
298
298
298
297
298
299
299
298
299
298
299
298
299
299
299
299
298
298
297
299
298
299
299
300
298
298
298
298
299
296
298
299
298
299
299
298
297
298
297
299
298
298
298
297
298
299
299
298
298
299
300
299
299
299
298
299
299
298
298
299
298
299
299
299
298
300
298
299
298
298
298
300
298
298
299
298
297
298
299
298
299
299
298
299
299
298
299
298
300
298
298
299
298
298
299
297
299
298
298
299
299
298
297
298
297
298
298
298
299
297
300
299
299
297
299
297
297
299
298
298
297
298
298
298
299
299
298
298
298
298
298
297
299
299
298
298
299
298