
58
58
58
59
61
61
58
58
60
61
59
58
60
61
60
59
58
58
58
58
58
59
61
57
57
61
59
58
57
58
57
58
60
59
59
58
58
60
58
60
61
59
57
58
59
60
59
61
60
59
58
59
57
58
58
60
57
58
58
59
61
58
59
59
57
61
57
58
59
58
60
58
61
59
58
60
58
60
58
61
57
57
58
58
58
58
58
61
60
60
57
59
60
58
58
57
59
61
56
59
58
61
60
57
59
60
57
61
57
58
58
60
61
58
58
57
58
58
57
56
57
59
57
58
58
58
61
58
59
57
59
58
57
59
58
57
57
59
58
58
58
57
58
61
57
58
57
61
58
59
58
58
58
58
57
57
58
58
58
59
58
60
58
58
59
58
58
58
58
58
59
59
58
57
59
58
58
58
59
61
57
58
59
58
62
58
58
58
58
57
56
58
58
58
61
57
57
58
57
59