
101
101
102
101
100
102
101
101
102
101
101
101
101
101
100
100
101
102
101
101
100
101
100
101
101
101
102
101
100
100
101
100
100
100
101
101
100
100
101
101
101
101
100
100
101
101
101
101
100
100
101
101
99
100
99
100
100
101
100
100
100
100
100
100
101
101
100
100
100
100
102
100
101
99
101
100
100
101
100
100
101
101
99
100
100
100
100
100
100
100
100
100
100
99
100
100
100
100
101
101
100
99
100
100
100
100
100
101
101
100
100
99
101
100
100
100
100
100
101
100
101
100
100
100
101
101
101
100
100
101
101
99
100
98
101
101
101
100
101
100
100
101
100
100
101
99
101
100
103
101
99
100
100
100
100
101
101
100
101
99
100
100
100
100
101
100
100
100
101
100
100
99
101
101
101
102
100
101
101
101
100
99
99
100
100
101
101
99
101
101
100
102
101
102
101
98
99
101
100
101