
104
199
199
199
198
199
199
200
201
199
199
199
200
199
198
198
198
198
199
198
200
200
199
198
198
198
200
200
200
199
198
200
200
198
200
198
199
200
199
199
199
200
200
199
200
200
199
199
200
200
200
198
200
199
200
199
200
199
198
198
199
199
200
200
199
200
199
200
199
199
199
199
201
199
199
199
198
199
199
199
198
200
200
200
199
199
199
198
199
199
199
199
200
198
198
199
198
199
200
200
200
199
198
198
199
199
200
199
199
200
201
200
198
199
199
201
199
200
199
200
199
199
199
199
200
198
198
199
200
199
198
200
199
199
200
199
200
200
199
199
198
198
198
199
199
200
200
199
199
199
199
199
200
199
200
198
199
198
200
199
199
199
198
200
201
199
199
200
199
200
199
200
199
201
199
199
199
198
199
199
200
200
199
200
198
199
198
199
199
199
199
200
199
199
198
199
198
199
199
199