
100
94
92
98
98
96
92
104
95
96
96
96
103
100
90
95
93
99
94
94
91
101
100
95
93
98
96
91
97
93
98
96
93
92
102
96
98
90
92
90
98
90
102
90
91
97
92
93
97
97
93
94
97
93
95
105
95
95
98
100
100
101
97
91
92
98
98
96
95
94
98
96
96
99
93
95
96
96
98
95
94
100
102
94
96
95
95
100
92
98
89
90
94
101
95
98
97
96
101
94
98
89
103
87
98
93
98
100
94
93
95
93
91
98
97
95
98
94
94
94
99
101
94
98
99
96
98
86
101
96
90
92
97
91
96
97
95
94
94
98
95
96
95
96
92
94
96
94
94
97
95
98
95
95
94
98
97
98
98
90
97
99
96
96
93
96
102
94
95
99
92
98
98
91
98
96
93
93
96
91
95
99
96
99
99
92
93
90
94
95
100
95
95
92
99
98
101
93
94
96