
33
26
25
29
28
28
26
28
25
23
27
24
25
25
26
26
23
29
30
25
24
30
27
28
30
28
26
26
28
23
25
24
28
26
32
26
25
23
31
25
28
31
24
27
26
24
26
25
26
28
25
24
27
30
24
26
23
25
26
30
25
29
30
32
29
29
29
26
25
25
25
26
28
29
26
21
20
26
24
29
28
29
28
20
27
32
29
28
27
26
27
23
27
28
27
29
22
28
27
26
33
25
28
23
28
29
28
32
26
26
26
35
24
32
29
29
30
27
25
26
26
23
23
28
30
28
29
24
25
24
24
23
22
21
28
28
26
26
24
35
25
26
25
26
27
27
26
25
29
23
27
24
26
27
26
30
28
27
24
26
29
28
23
26
24
25
26
27
26
27
26
31
30
25
25
27
25
28
28
29
31
28
27
30
29
26
25
26
33
25
30
24
25
28
27
27
30
26
25
28