
202
199
198
192
196
199
193
195
194
199
190
195
202
200
196
202
192
198
190
198
193
206
200
196
191
204
205
206
196
200
197
202
205
195
191
198
186
200
200
192
196
192
201
196
192
191
193
202
204
205
200
199
195
195
194
198
194
194
197
195
198
193
197
186
192
193
198
201
203
202
201
193
193
182
189
207
198
200
187
191
207
204
198
205
199
195
204
196
197
187
194
203
199
195
200
201
200
190
195
198
198
194
186
193
196
192
195
201
203
192
197
200
195
190
203
191
202
199
197
201
198
200
197
198
200
193
192
202
201
191
198
195
202
203
202
187
197
199
193
195
207
189
198
194
200
192
197
200
197
188
195
196
198
190
200
200
200
197
197
198
204
201
200
200
195
194
196
191
209
190
204
198
198
190
196
193
198
190
200
193
201
198
191
192
206
192
204
204
196
198
202
190
198
192
195
192
192
194
199
197