
298
291
287
292
300
288
289
288
292
293
290
288
290
298
288
294
287
289
289
293
288
293
289
288
288
289
300
288
290
302
288
287
296
291
286
288
293
286
291
293
291
294
292
292
293
289
290
286
288
286
286
289
293
289
290
286
292
287
293
289
296
294
287
291
293
291
287
293
290
296
291
291
293
291
291
288
292
291
296
295
294
290
292
290
298
291
290
294
284
291
292
288
290
289
292
290
293
293
292
291
288
294
288
292
289
292
291
295
294
289
283
290
287
290
286
295
294
294
290
292
293
290
293
291
288
295
288
290
291
294
292
294
287
297
296
293
291
289
291
285
292
291
287
292
299
289
290
291
296
287
295
297
288
289
290
292
289
291
294
294
297
294
297
289
284
294
287
293
292
291
290
292
295
292
294
284
295
289
288
292
293
292
294
290
292
298
291
292
291
297
291
286
292
291
291
293
289
291
294
288