
37
40
34
37
35
38
35
35
36
34
37
38
37
32
32
36
40
37
36
36
34
38
38
39
32
34
39
34
36
34
35
35
31
31
34
37
34
37
30
36
38
34
32
34
33
34
35
31
34
32
35
30
39
35
36
39
35
38
33
38
33
32
38
37
32
36
34
33
37
37
37
36
32
37
39
35
33
31
32
38
30
39
37
39
30
37
31
33
37
32
35
37
38
33
33
29
31
35
37
29
37
30
33
34
33
32
33
38
34
36
33
31
37
33
33
34
36
33
36
32
36
35
38
33
33
32
37
34
38
37
37
34
36
35
35
33
32
37
35
36
37
32
31
33
36
36
32
37
34
31
35
37
35
34
34
32
35
32
34
30
35
29
36
39
36
33
37
32
30
36
32
38
32
35
38
34
39
34
30
37
33
31
38
28
38
28
36
28
36
37
34
26
34
36
35
35
37
30
32
32