
55
49
49
56
49
49
54
50
49
54
58
49
55
58
49
57
54
48
53
51
49
53
52
64
58
51
52
51
54
58
54
55
54
54
52
49
48
53
55
50
53
49
52
55
54
57
61
52
56
51
55
52
51
58
57
55
59
55
55
52
49
54
50
53
51
55
56
57
52
54
56
52
48
54
53
52
50
49
55
50
50
48
51
50
58
56
54
57
54
55
58
52
51
57
54
60
51
55
55
56
54
62
55
55
50
52
52
50
52
53
57
57
52
56
49
51
48
58
50
53
56
49
53
51
53
55
55
52
51
49
50
52
54
51
58
55
51
50
55
53
52
52
51
54
51
56
56
52
59
54
53
56
54
49
50
51
53
52
56
56
57
60
52
54
50
53
58
54
51
51
55
50
56
56
53
51
48
57
51
51
55
54
59
52
48
55
51
58
49
53
53
53
48
57
55
58
53
54
52
56