
151
102
101
99
101
99
101
101
100
100
101
101
99
98
101
98
99
100
100
100
102
100
102
99
104
100
99
98
99
102
103
103
101
97
102
99
101
99
98
100
102
100
101
100
101
104
99
101
100
96
99
100
101
98
99
100
102
98
98
101
100
103
98
98
98
99
98
100
97
96
100
97
102
100
102
101
99
101
103
100
103
98
100
99
99
101
102
95
102
101
103
99
101
102
100
100
98
99
100
102
101
99
99
98
99
101
99
97
98
100
98
102
101
100
102
103
100
99
96
101
98
103
101
98
100
99
99
99
102
103
102
104
99
98
99
98
100
98
100
100
99
101
99
99
100
98
95
102
100
101
101
101
97
99
100
96
101
102
102
99
102
105
100
101
102
104
100
102
102
100
100
100
101
97
102
100
98
100
98
100
101
102
101
101
98
100
97
101
100
101
100
102
101
98
102
100
101
97
104
103