
22
22
22
24
24
24
21
22
21
24
22
23
22
21
21
24
22
25
20
22
21
24
22
23
22
21
22
23
22
22
22
23
21
25
23
22
22
24
22
20
22
22
22
22
22
22
22
21
22
24
25
21
21
23
23
21
21
21
22
22
21
20
23
21
22
22
21
23
22
20
22
22
21
20
20
22
22
22
22
22
22
20
21
22
22
22
20
21
22
21
22
21
22
22
23
22
22
21
21
20
20
22
22
22
20
22
20
23
20
21
22
21
23
22
23
20
20
26
20
22
23
21
20
22
21
23
23
23
22
20
22
21
22
22
21
20
23
22
21
22
23
21
23
22
22
20
21
21
21
22
20
22
23
21
22
23
21
23
20
21
22
22
21
22
20
23
21
22
21
24
22
23
21
21
21
22
23
22
21
21
23
23
22
22
22
23
24
21
22
22
21
22
22
21
21
22
22
22
23
21