
201
197
195
199
197
196
196
201
195
193
197
195
196
198
194
196
197
197
199
199
195
200
194
194
200
195
195
199
196
197
193
197
199
196
201
194
195
194
198
199
197
199
199
198
196
195
196
198
200
196
199
198
197
197
194
194
198
196
198
198
198
197
197
196
197
199
198
196
197
196
198
199
196
198
200
197
197
198
199
199
198
200
197
197
198
197
193
198
192
196
196
194
198
199
199
196
198
196
197
198
201
203
197
196
199
198
195
193
199
197
196
196
199
196
200
194
195
195
194
194
196
198
196
199
197
199
199
193
197
199
198
191
197
197
196
195
198
195
197
197
197
202
198
196
195
197
196
198
196
194
192
194
197
197
195
196
200
200
195
196
196
198
197
198
196
198
193
195
198
194
199
197
198
196
197
200
196
200
198
200
199
198
197
198
196
196
198
194
195
198
198
194
195
196
199
198
195
198
193
198