
300
298
296
299
302
299
300
300
301
301
301
301
297
296
302
300
297
300
297
301
301
296
300
303
300
298
301
298
298
299
298
297
301
299
301
298
299
300
299
301
299
299
299
297
298
297
298
300
299
300
300
301
299
298
301
299
303
297
301
300
300
295
297
299
299
301
299
300
299
300
300
301
301
299
299
299
299
297
304
299
300
298
299
302
300
303
298
300
299
300
299
299
300
299
300
298
303
297
301
299
298
300
298
299
301
299
301
296
297
299
300
301
300
301
303
299
299
301
302
300
299
296
301
299
299
300
299
298
299
301
302
297
300
297
295
300
298
299
298
301
298
297
299
299
299
301
298
297
302
301
303
303
302
303
299
299
300
303
302
301
298
299
300
301
296
300
299
299
299
299
301
299
301
299
299
302
298
298
299
296
295
300
300
298
298
296
300
298
299
299
297
299
299
300
301
300
299
298
299
299