
39
39
39
38
37
38
37
39
38
39
37
38
37
39
39
39
39
39
38
39
38
39
37
38
39
37
38
35
38
38
38
37
38
39
38
39
39
39
37
39
38
38
38
37
37
37
37
37
38
38
39
37
37
37
39
38
37
38
38
37
37
40
37
37
39
37
37
37
36
37
36
38
39
39
39
39
38
38
37
37
37
39
38
38
38
37
39
39
39
37
38
39
37
39
38
38
35
39
37
37
37
37
39
37
39
39
38
39
38
38
37
37
36
37
37
39
37
36
37
38
39
39
37
38
37
39
37
37
39
37
37
37
39
39
37
38
38
38
37
39
38
37
38
39
37
37
39
38
37
37
39
37
37
37
37
39
39
37
39
39
39
36
39
39
37
39
37
39
37
38
38
38
39
37
37
39
35
39
39
38
37
37
37
38
39
37
38
37
39
39
37
38
38
39
37
38
39
37
37
39