
56
55
55
55
53
58
52
55
58
58
54
53
52
55
56
59
57
53
56
56
57
55
57
56
57
57
54
52
57
55
54
55
56
59
57
58
55
56
56
54
55
55
53
58
56
56
55
60
57
56
56
58
54
55
56
56
55
56
52
57
56
55
55
56
53
56
55
55
54
53
55
60
57
56
58
58
52
60
55
55
58
55
54
57
55
57
56
54
55
55
56
56
55
55
55
58
57
56
57
54
57
57
55
58
54
57
57
56
56
54
57
56
57
55
56
57
53
58
53
57
57
58
55
56
56
56
56
56
56
56
56
56
57
58
55
58
58
55
57
57
54
56
55
55
55
56
56
56
55
56
54
53
56
57
58
57
56
54
55
59
55
55
54
56
58
56
58
56
61
56
61
56
58
57
54
55
54
57
56
55
54
56
54
58
55
54
56
55
58
57
56
56
55
56
58
56
57
56
58
54