
207
203
201
200
201
202
203
200
201
200
201
201
201
204
201
202
201
203
200
200
203
200
202
202
201
202
204
203
201
200
201
202
199
200
202
202
201
201
203
202
200
201
200
201
203
203
201
202
201
201
203
202
203
201
201
203
200
202
202
199
200
202
198
199
201
201
201
203
202
203
199
203
200
198
202
200
202
201
198
202
201
201
201
201
201
201
203
201
201
201
203
201
198
201
199
201
202
201
201
200
203
203
201
203
199
202
203
199
202
202
202
202
204
202
201
199
200
200
202
203
201
201
201
199
199
202
202
202
201
202
202
204
204
202
201
201
202
203
202
204
203
203
202
199
202
201
201
204
202
202
201
200
200
202
203
201
203
201
201
202
204
200
201
203
202
204
201
202
200
200
201
200
203
203
203
202
200
203
201
201
203
201
204
199
200
202
201
202
201
203
203
200
200
200
200
200
203
202
201
202