
298
296
298
299
297
298
300
298
298
297
300
298
299
299
300
299
298
297
299
296
300
300
297
298
298
299
299
298
298
299
298
298
298
299
299
298
299
299
297
297
298
298
296
298
299
299
297
298
300
300
301
298
297
298
297
300
299
300
296
298
298
298
298
296
296
299
298
298
299
298
299
298
300
299
296
297
298
299
298
297
298
298
299
297
298
301
298
300
296
299
297
299
299
298
298
301
296
300
298
299
299
300
297
297
297
296
298
297
298
299
298
299
299
300
299
298
298
297
298
298
297
297
299
299
297
299
299
296
297
299
297
297
298
297
297
298
299
297
297
297
299
297
300
297
300
298
298
297
298
297
297
298
299
299
299
297
296
299
299
297
298
297
297
298
299
298
298
298
300
298
300
298
300
298
297
297
298
297
297
299
298
298
297
295
299
298
298
299
298
298
297
299
297
296
298
298
299
298
300
299