
56
59
56
56
57
58
58
57
58
60
56
57
61
59
56
56
58
58
57
57
57
60
56
56
58
58
60
58
57
59
57
57
59
57
60
57
59
59
60
56
58
56
56
57
60
58
58
58
58
58
57
57
60
56
57
58
58
56
59
56
59
59
56
60
57
58
59
56
57
61
57
59
58
57
58
57
59
59
59
58
57
58
61
57
57
59
58
59
60
56
56
56
59
57
59
58
57
59
56
57
58
56
58
58
59
57
56
60
61
57
57
60
60
60
57
57
59
57
60
59
56
57
55
58
58
58
56
61
58
56
59
57
60
58
59
57
57
59
57
61
56
57
57
59
57
56
59
58
58
56
56
59
58
60
57
58
61
58
61
58
60
57
57
58
56
57
57
57
58
58
61
58
59
60
57
62
57
57
58
58
61
61
57
56
58
58
59
57
56
59
58
56
59
56
58
56
59
61
59
57